0.6458333333333334
0.5416666666666666
0.5416666666666666
0.4166666666666667
0.6458333333333334
0.4791666666666667
0.4583333333333333
0.4166666666666667
0.3541666666666667
0.5833333333333334
0.4791666666666667
0.5208333333333334
0.6666666666666666
0.5416666666666666
0.4166666666666667
0.375
0.5208333333333334
0.4583333333333333
0.5208333333333334
0.5416666666666666
0.3541666666666667
0.5416666666666666
0.3958333333333333
0.5
0.3541666666666667
0.4583333333333333
0.6458333333333334
0.4375
0.5416666666666666
0.4375
0.6041666666666666
0.5625
0.4583333333333333
0.4791666666666667
0.5625
0.4583333333333333
0.4375
0.4791666666666667
0.5625
0.5416666666666666
0.5208333333333334
0.5625
0.6041666666666666
0.4166666666666667
0.5416666666666666
0.4166666666666667
0.4375
0.625
0.5833333333333334
0.4791666666666667
