The Accuracy of all runs were: 
0.7083333333333334
0.6041666666666666
0.6458333333333334
0.6458333333333334
0.625
0.6458333333333334
0.6458333333333334
0.6041666666666666
0.7083333333333334
0.6041666666666666
0.7291666666666666
0.6458333333333334
0.625
0.5625
0.5833333333333334
0.5416666666666666
0.5833333333333334
0.5208333333333334
0.4375
0.7083333333333334
0.5625
0.5208333333333334
0.6458333333333334
0.6458333333333334
0.6041666666666666
0.5833333333333334
0.6041666666666666
0.6041666666666666
0.5625
0.6875
0.625
0.5208333333333334
0.6458333333333334
0.6458333333333334
0.625
0.5416666666666666
0.6666666666666666
0.625
0.625
0.75
0.5833333333333334
0.6041666666666666
0.6041666666666666
0.5208333333333334
0.6666666666666666
0.5416666666666666
0.6458333333333334
0.4791666666666667
0.5833333333333334
0.625
The Mean Accuracy of the Model was: 0.6104166666666668